ceap_sexe_agco_abso:<class 'pandas.core.frame.DataFrame'>
                                                                                                               ages  mean
ceap sexe                                                                                                                
C0   M                                                                                 [62, 53, 53, 43, 62, 62, 76]    58
     F                                                                         [53, 66, 66, 66, 72, 72, 44, 44, 26]    56
C1   M                                                                                                 [76, 21, 71]    56
     F                                                                                 [63, 63, 71, 71, 42, 42, 26]    54
C2   M                                                 [62, 53, 53, 63, 43, 43, 60, 57, 57, 62, 62, 34, 34, 32, 32]    49
     F     [53, 38, 38, 74, 74, 66, 66, 50, 72, 72, 61, 61, 44, 44, 67, 67, 63, 49, 68, 68, 26, 26, 54, 54, 36, 36]    54
:Index([('C0', 'M'), ('C0', 'F'), ('C1', 'M'), ('C1', 'F'), ('C2', 'M'), ('C2', 'F')], dtype='object', name='None')
Total:327